-43
64
17
14
71
-46
99
-49
51
-57
-34
-96
83
-48
-13
6
54
99
58
-1
67
-57
-87
-79
25
95
16
14
58
-60
83
46
-92
66
60
-60
-66
65
40
-27
55
-84
-51
-83
-82
-39
-52
-18
70
-77
-77
81
21
-44
-54
-28
-63
15
64
-64
-10
7
-83
3
-93
-39
70
8
95
1
40
-63
-34
-82
30
15
-43
34
-37
21
-74
80
51
-94
-79
28
-75
-31
-70
-3
83
-40
62
12
-4
64
30
28
93
-72
-89
31
-25
-71
91
-58
18
-29
31
-14
64
83
-61
64
-58
-70
5
-33
-3
-25
-19
6
-29
35
-14
5
-12
50
78
-8
-9
95
-47
62
-90
-53
-98
-61
75
-86
17
69
41
62
9
9
60
82
13
-31
-47
-95
28
-25
48
-85
-4
-40
-31
27
-65
83
39
-64
52
90
-85
-60
96
-7
64
5
-54
77
20
20
77
81
32
71
85
35
76
-100
78
74
69
-26
85
-72
-41
-52
72
-46
95
41
-99
90
-77
100
18
-57
-62
34
-70
71
78
18
-90
86
86
32
38
-82
45
55
-32
20
63
-57
-42
94
84
-70
-3
8
-71
54
-24
-71
-37
66
-98
-35
-65
100
31
-78
-32
-59
61
94
64
-41
4
70
-1
80
100
20
-38
-15
-59
16
7
16
25
-59
-84
45
-31
84
35
-65
70
-60
41
39
30
20
-91
-26
-45
-18
39
-90
-24
-8
26
-2
77
45
-77
-37
61
-96
20
90
65
-76
35
-63
-63
75
43
-31
-25
72
7
-32
93
1
76
-5
42
27
98
-8
-30
39
-97
-78
-36
4
-29
82
-65
-44
-49
-37
76
-41
-98
-42
91
-81
-62
92
82
-5
-82
62
-77
52
-33
-78
33
-96
72
-99
59
9
84
-63
-56
-27
34
57
76
11
-90
-23
-22
-72
4
-27
-92
80
85
-57
70
-62
85
-94
-63
-14
-17
-20
12
89
100
1
-66
-76
-56
-72
69
-43
87
-17
-96
-78
-62
100
56
-11
14
64
10
85
44
-10
-4
6
-6
62
92
59
23
-78
-44
95
52
-70
-19
-1
52
-63
9
53
65
40
-47
-68
-31
-76
-49
52
-93
-51
66
-68
-66
24
-56
23
41
39
-38
-20
79
88
-39
19
40
-38
50
-81
-67
9
-96
72
-32
-62
-92
-43
-62
7
-13
-25
-48
61
6
-20
59
51
39
43
20
-78
47
69
0
59
-22
-57
-4
-38
0
30
18
-52
-4
-36
-36
-63
58
-17
-100
55
-47
3
-25
-27
23
-36
-39
52
94
-99
-55
-11
-20
-52
0
79
-87
-8
-61
-19
100
-97
70
-14
-55
27
-76
53
-99
50
8
55
-21
6
-28
-60
78
-90
89
-19
30
-21
-47
-76
-30
89
-74
22
54
-32
-94
50
-13
17
13
-17
83
-58
-20
-85
60
-57
-2
91
-25
